0,0 382,382
384,267 447,383
453,365 706,382
494,2 799,159
798,1 812,257
1046,1 1490,415
1514,38 1830,418
2075,2 2518,223
2076,229 2086,294
2505,226 2515,357
2074,426 2086,517
2076,531 2327,544
2076,1184 2329,616
2333,488 2645,1182
1049,646 1363,1573
1384,642 1512,1020
1511,648 1829,1572
0,702 256,1916
256,716 448,961
449,845 514,960
256,1546 385,1916
385,1609 513,1916
513,1612 576,1916
576,1674 704,1916
705,1801 766,1916
1047,1731 1445,1917
1451,1767 1825,1916
2076,1317 2390,1916
2392,1487 2774,1917
2072,616 2332,907
2075,906 2332,1185
3266,1019 3281,1002 3299,986 3313,971 3330,958 3362,945 3381,931 3391,925 3432,923 3459,923 3476,934 3484,938 3495,946 3508,950 3523,962 3537,972 3539,961 3568,961 3571,978 3566,981 3566,999 3566,1009 3580,1018 3581,1039 3579,1066 3578,1088 3582,1117 3582,1142 3581,1150 3569,1152 3570,1171 3570,1190 3572,1210 3571,1248 3539,1251 3514,1251 3484,1252 3458,1251 3425,1253 3399,1252 3361,1251 3331,1251 3298,1251 3278,1249 3278,1217 3279,1181 3279,1152 3265,1143 3265,1119 3267,1092 3266,1053
2958,453 2959,421 2959,389 2958,355 2943,351 2945,307 2947,272 2948,244 2949,217 2948,184 2945,157 2968,138 2984,122 3006,100 3033,87 3065,73 3089,65 3131,64 3157,77 3176,86 3198,97 3214,113 3233,130 3258,155 3264,183 3263,208 3263,228 3263,256 3263,278 3263,313 3263,336 3263,355 3251,355 3252,369 3252,392 3250,414 3251,454 3221,456 3186,455 3157,456 3129,454 3104,454 3072,454 3039,454 3014,454 2980,452
3328,286 3328,251 3329,219 3331,194 3329,177 3330,159 3352,140 3368,124 3379,109 3394,97 3411,90 3427,83 3443,76 3454,65 3490,64 3509,64 3525,64 3543,64 3562,64 3583,66 3600,75 3614,81 3631,90 3640,96 3653,96 3665,86 3676,82 3688,76 3701,70 3709,65 3735,64 3750,62 3776,64 3802,65 3823,64 3838,66 3852,74 3867,81 3878,86 3892,93 3904,99 3913,110 3923,121 3936,131 3948,142 3959,154 3964,161 3969,186 3968,201 3971,218 3971,236 3972,249 3970,265 3970,278 3969,291 3952,291 3953,313 3954,327 3956,348 3955,367 3956,389 3942,390 3913,391 3886,388 3868,390 3844,389 3823,389 3805,389 3787,388 3763,388 3739,388 3715,388 3690,388 3664,389 3632,388 3604,387 3570,388 3541,388 3513,388 3485,388 3454,388 3431,389 3386,388 3351,388